0
60
1200
31 17 42
50 8 124
0 30 5
19 27 199
13 58 23
51 43 54
56 2 168
36 39 164
8 30 196
25 13 176
20 47 18
31 33 160
13 1 118
18 59 185
54 24 31
21 23 56
30 46 165
41 4 150
45 42 150
8 17 108
55 8 184
9 40 26
12 49 178
10 24 48
21 49 175
14 37 41
41 45 186
43 48 152
8 10 101
58 55 158
41 6 97
21 52 86
35 2 170
7 55 33
59 18 131
33 1 197
9 15 109
21 22 96
36 4 128
57 46 85
38 56 125
59 11 18
17 37 52
18 30 66
4 50 113
34 59 163
8 53 9
56 39 40
20 4 23
0 14 70
57 53 51
6 19 102
25 7 162
12 22 153
20 58 49
12 0 91
54 15 94
31 27 170
48 6 171
3 21 26
41 3 175
29 0 26
55 42 27
12 4 189
24 21 89
26 1 39
21 13 30
58 37 70
4 48 193
58 28 99
27 8 130
27 16 151
57 39 60
59 19 162
35 15 16
31 11 36
43 51 139
16 48 42
8 52 185
21 57 164
59 16 108
49 38 35
18 5 88
23 0 46
13 56 86
26 3 4
33 47 187
44 35 186
33 38 54
9 22 71
32 19 23
46 58 106
57 24 40
50 46 21
55 24 112
52 1 36
4 24 50
51 1 78
56 45 5
0 27 170
30 35 184
48 4 158
2 5 172
24 0 31
2 26 156
29 13 21
58 12 128
5 7 148
18 54 87
16 57 99
53 11 65
1 55 121
23 47 78
20 15 44
3 17 145
2 8 79
25 18 149
58 7 84
44 41 68
51 14 171
7 58 100
41 30 38
29 48 91
55 21 1
27 35 95
31 43 44
32 50 162
33 7 103
10 45 41
8 15 102
49 55 32
4 31 39
26 19 18
22 58 161
23 30 139
19 40 81
15 49 110
13 26 105
19 23 173
52 36 104
6 29 89
5 45 75
0 39 170
56 10 127
45 29 68
2 54 153
17 36 128
56 48 174
3 10 155
10 57 98
55 58 106
5 16 138
3 51 35
43 2 153
9 24 152
16 22 179
20 24 10
12 7 112
24 19 27
22 17 183
26 6 16
49 58 46
6 21 152
47 13 64
54 18 37
21 31 151
35 27 50
10 28 177
3 12 143
48 36 113
47 48 126
33 30 100
0 28 36
4 36 41
6 7 170
10 7 137
13 18 154
56 42 119
39 21 117
35 7 82
12 34 1
33 40 129
7 56 30
43 11 57
9 7 4
45 37 47
12 20 10
53 33 84
37 36 23
56 21 34
19 56 61
27 42 120
24 45 73
57 6 116
37 53 37
29 40 196
37 19 136
23 28 176
20 35 74
18 53 31
19 20 146
20 29 13
5 15 157
32 24 167
1 22 132
42 11 13
26 2 150
55 29 106
51 22 98
32 31 46
10 6 4
39 44 153
23 22 36
46 21 91
48 20 144
27 57 190
29 19 105
25 38 195
25 12 45
41 38 1
23 3 132
13 31 46
28 10 124
8 4 140
1 41 162
27 5 53
16 40 25
30 37 7
20 51 76
17 55 47
53 52 184
22 35 49
48 9 164
5 48 76
20 7 114
58 39 170
43 44 164
56 58 100
35 0 187
44 11 39
39 28 127
11 43 145
30 27 174
51 11 100
34 20 82
29 9 35
0 57 103
50 21 74
26 17 5
51 35 63
27 50 68
47 33 98
42 59 105
24 1 148
4 49 134
31 55 38
6 36 171
31 19 13
59 33 13
58 42 5
44 15 50
50 51 178
23 26 54
46 54 23
10 33 39
44 49 139
31 34 156
7 46 183
15 42 114
16 56 143
13 0 75
34 22 130
53 9 8
31 37 47
4 51 10
5 11 137
43 9 176
32 59 1
37 30 22
8 20 33
4 5 132
27 59 170
44 28 96
48 57 40
38 19 22
40 46 87
10 8 155
22 53 48
5 27 137
35 20 169
49 15 8
16 5 40
15 11 175
12 45 107
42 29 176
42 45 99
54 38 106
38 41 193
57 14 123
2 21 180
13 9 93
55 25 58
15 39 50
36 48 85
52 13 199
51 12 22
28 41 93
21 56 127
42 13 149
48 22 86
12 59 159
22 42 185
35 28 73
53 19 9
48 7 199
8 27 25
28 42 147
33 25 189
35 46 149
38 43 46
14 40 159
13 40 196
49 44 41
36 34 184
30 26 116
47 32 161
32 58 194
28 17 91
20 53 62
46 9 164
48 44 185
5 0 119
30 17 41
0 13 155
31 30 83
59 34 11
41 5 58
20 44 75
4 13 131
44 58 74
1 15 27
44 39 55
51 59 19
9 45 100
6 16 128
32 13 111
9 27 165
24 58 84
29 57 39
39 35 18
13 6 67
41 55 54
3 15 196
5 58 145
52 31 26
6 23 47
38 22 120
47 39 57
34 24 146
56 16 10
15 0 19
50 49 29
14 49 163
20 3 90
3 2 21
58 43 18
16 29 59
36 25 101
59 49 187
1 45 161
51 42 92
11 47 53
19 16 191
9 28 13
31 14 149
30 41 158
0 21 124
35 47 32
35 22 42
17 56 75
32 16 184
57 33 133
22 36 10
24 37 74
38 26 161
37 45 23
22 4 36
47 56 28
59 12 165
20 21 148
42 12 151
54 12 175
49 45 107
57 12 37
24 47 30
27 21 82
15 27 155
46 0 96
42 43 154
18 34 88
22 25 196
10 52 168
5 19 182
58 17 149
29 5 7
32 48 171
55 50 29
1 31 91
51 37 143
18 40 179
18 35 199
48 11 193
18 31 106
28 29 106
38 0 57
3 27 135
10 39 186
25 46 72
37 23 166
59 17 59
53 49 65
45 31 177
49 24 161
53 48 36
21 55 10
6 45 120
54 41 75
54 53 34
35 37 50
2 12 119
37 24 198
58 29 98
25 24 146
0 31 133
56 57 103
36 52 151
51 46 14
18 2 68
49 29 196
26 22 23
20 16 194
35 19 106
32 14 168
44 23 199
52 3 133
0 1 135
9 19 106
41 47 167
50 13 77
45 47 143
55 34 76
36 40 86
28 51 159
23 40 65
36 33 136
15 41 17
23 51 169
35 53 126
43 35 109
58 27 107
30 47 138
22 3 55
16 46 14
54 11 167
46 47 108
18 52 141
44 10 43
52 20 91
58 53 107
25 52 94
33 6 155
27 0 104
51 57 149
32 33 54
39 2 191
52 27 199
25 20 24
50 55 80
6 37 125
23 4 76
38 5 48
9 20 183
28 37 162
52 4 137
59 53 61
56 11 139
36 7 2
41 10 43
42 16 15
43 39 112
38 11 59
55 47 137
20 41 11
49 4 24
22 10 31
34 10 49
36 22 172
4 1 98
7 49 84
4 28 110
2 50 163
12 33 187
28 26 6
26 46 46
6 52 109
59 24 155
21 34 70
52 56 69
40 27 74
50 22 61
30 39 144
1 36 152
14 33 113
16 1 7
59 57 84
56 37 130
52 30 94
7 36 10
45 15 86
55 51 10
52 29 168
9 41 67
22 54 82
31 52 41
11 33 54
6 33 189
19 0 26
17 32 73
54 17 78
11 10 34
25 29 134
16 10 76
29 22 122
35 21 15
39 7 169
7 48 110
1 12 161
9 35 76
44 18 97
56 7 187
6 35 73
22 37 167
54 48 5
10 18 24
50 5 23
51 17 181
37 21 85
58 30 32
10 26 96
32 7 19
39 6 15
40 38 107
23 32 140
31 6 36
43 10 52
51 24 136
16 9 93
9 10 19
16 26 175
21 35 100
34 44 135
7 40 133
5 20 41
40 42 130
51 49 6
22 27 79
27 43 132
39 11 114
47 24 183
55 43 36
9 23 53
8 58 166
10 5 24
2 58 175
10 50 180
44 14 114
4 40 124
44 3 87
20 56 173
4 35 168
13 33 80
33 36 21
0 9 191
35 54 47
36 28 52
5 2 131
37 6 95
58 25 86
59 1 115
17 13 113
33 9 76
30 34 105
26 4 115
15 45 138
50 6 195
42 54 79
3 23 153
43 59 146
40 2 31
34 7 156
38 48 178
59 2 89
58 0 28
50 25 118
11 58 93
57 50 43
4 54 107
29 3 127
11 42 123
8 19 188
42 25 104
36 5 67
45 0 165
2 30 176
21 36 74
50 16 26
38 2 187
37 0 154
48 24 134
38 42 62
49 31 3
16 24 107
29 6 8
45 48 50
59 35 119
20 26 51
28 18 60
1 8 45
6 28 182
34 43 75
38 44 76
5 52 194
43 57 89
10 54 158
8 54 50
20 43 128
8 14 159
29 36 190
6 4 122
18 6 188
1 18 69
38 28 102
28 32 32
56 32 184
10 58 82
1 46 168
54 10 51
13 32 41
29 2 169
45 13 155
2 48 72
43 32 69
15 47 61
16 4 78
41 48 6
59 5 139
47 20 180
35 12 100
26 24 26
55 11 157
37 3 80
18 42 176
52 16 1
11 6 197
36 21 5
19 9 124
43 18 38
3 48 26
29 12 120
11 24 105
39 20 85
49 19 27
49 36 7
24 51 171
35 40 134
19 44 17
51 33 78
6 17 179
18 41 179
19 49 38
26 37 186
27 41 19
50 54 91
26 29 42
44 27 179
34 19 118
13 29 130
11 30 152
32 5 148
22 41 109
10 11 116
1 26 45
38 10 14
58 20 123
20 48 48
39 47 183
5 34 18
33 24 135
1 58 114
49 8 75
37 32 107
19 58 184
41 31 118
2 23 157
3 37 105
1 38 156
22 44 169
36 19 26
1 54 85
32 15 35
16 33 77
35 57 161
58 52 73
26 58 190
27 28 27
59 13 87
59 41 43
40 59 188
33 0 7
46 59 91
39 37 123
15 33 141
30 32 18
45 28 75
41 1 23
47 41 96
23 33 136
34 25 176
9 29 127
15 32 10
33 18 86
34 3 180
21 59 76
12 9 178
21 2 67
45 9 151
29 4 155
54 37 109
0 24 152
28 8 195
43 25 37
31 46 147
6 34 2
15 19 55
45 14 165
16 28 183
47 18 166
9 44 94
2 33 160
18 48 57
30 14 115
25 57 35
24 56 194
37 56 129
40 48 111
44 57 189
59 6 173
25 16 177
26 45 47
46 18 59
54 23 106
43 21 16
42 39 131
44 40 93
56 55 125
0 46 140
3 1 75
56 1 50
36 29 186
19 50 63
30 16 165
3 45 169
56 52 159
59 40 120
24 55 14
54 34 77
36 23 42
51 39 98
55 56 131
8 45 59
10 43 40
45 36 181
57 11 9
7 35 4
59 9 56
45 7 45
14 23 35
34 58 150
29 10 187
17 48 130
2 1 60
20 38 146
37 52 21
25 56 93
14 35 183
42 31 41
58 1 65
23 6 171
46 29 79
33 26 58
59 23 118
12 35 53
22 0 71
43 6 150
21 10 171
32 44 40
30 55 16
11 39 71
17 10 177
35 42 52
23 12 40
51 41 1
40 6 62
18 21 24
42 23 106
46 45 94
44 9 4
9 4 162
30 51 87
58 24 75
18 14 79
51 56 122
36 38 52
37 35 7
51 25 87
55 52 5
16 42 58
41 13 56
53 15 96
23 25 164
45 34 79
32 0 199
21 58 159
2 41 36
12 27 85
6 0 109
48 46 168
14 50 87
34 23 105
57 44 2
24 30 159
25 2 160
17 28 44
17 39 92
24 43 172
35 6 58
33 14 101
48 50 191
12 15 116
58 11 12
51 34 48
28 36 158
44 12 7
27 4 117
12 16 183
38 55 169
3 32 108
19 48 50
23 46 12
51 0 40
10 23 122
11 56 119
51 19 148
47 45 128
59 47 100
9 11 146
19 33 16
13 15 151
41 0 121
43 22 122
11 4 148
21 14 120
29 15 41
14 1 182
49 43 103
12 58 103
11 29 167
7 0 153
49 23 178
35 50 97
47 4 62
37 4 78
45 18 51
35 26 196
57 27 100
27 26 199
28 24 18
7 9 48
22 55 46
36 12 165
34 0 53
27 9 52
3 38 153
37 57 159
54 9 139
7 44 113
20 6 3
6 46 16
14 16 80
41 34 49
9 1 183
47 43 66
32 25 190
43 7 69
19 28 142
29 52 143
25 21 15
15 57 8
21 29 95
2 46 129
48 59 18
9 56 63
25 44 193
42 41 37
16 36 79
14 19 96
1 6 114
24 22 18
29 20 31
40 54 6
55 15 168
34 50 6
28 21 68
31 4 188
53 10 64
53 58 139
50 23 1
22 43 23
44 54 100
42 51 89
8 12 140
18 27 128
52 42 183
11 15 52
53 26 18
50 29 71
8 13 58
54 19 126
31 49 184
38 7 79
42 20 190
17 45 190
19 26 4
36 1 126
52 55 18
1 32 139
23 36 32
59 30 6
18 7 131
36 0 181
52 57 121
10 29 20
27 10 45
54 31 127
30 19 98
43 26 165
48 42 107
43 38 143
46 4 164
19 39 15
18 32 155
56 40 62
6 26 168
50 42 2
32 40 19
33 53 91
33 49 30
52 19 143
21 11 57
52 10 25
44 59 42
40 35 118
57 23 109
32 12 12
27 38 112
22 11 83
38 32 156
25 47 30
15 55 3
12 1 31
17 40 35
30 28 16
13 45 127
54 4 151
1 16 94
20 12 66
40 23 134
34 41 120
55 7 111
39 31 33
3 50 26
26 52 183
41 28 125
41 39 44
43 41 124
15 29 175
5 49 167
0 25 4
17 25 39
38 6 10
44 29 144
18 38 141
30 24 147
42 48 161
3 14 15
19 46 170
9 42 197
56 23 51
55 48 198
49 46 63
3 54 169
32 39 189
38 20 58
17 1 147
10 56 60
28 44 161
35 18 31
31 38 132
54 44 147
22 56 60
16 38 197
40 51 112
37 22 52
9 3 173
25 14 184
46 51 48
25 51 51
37 17 169
25 26 195
49 52 192
56 34 9
30 40 191
27 44 141
53 56 23
29 24 87
39 10 57
47 12 172
38 51 18
0 44 128
20 22 15
18 8 11
10 15 131
13 48 117
40 34 145
19 2 114
18 45 178
17 46 51
3 40 70
44 20 120
49 34 83
6 31 160
20 50 164
21 38 42
0 47 74
20 39 38
17 15 2
57 31 128
59 45 61
40 28 42
31 56 151
39 41 159
57 59 107
36 57 52
23 13 96
23 37 91
11 37 166
23 38 139
19 18 68
44 36 45
24 48 76
37 2 63
34 56 123
43 50 59
30 49 11
54 20 29
6 5 186
27 30 8
20 19 147
21 24 91
28 13 32
9 25 47
55 39 140
56 12 47
59 39 20
8 51 18
55 18 99
58 44 25
56 44 38
11 31 46
55 1 10
42 6 175
13 24 29
9 26 194
26 43 187
50 9 65
54 14 133
6 2 14
23 21 47
55 23 182
39 18 145
41 12 195
24 54 173
13 35 167
53 55 181
1 20 81
45 12 52
27 49 169
25 34 197
48 14 6
53 0 55
45 33 70
45 23 104
32 38 154
49 1 92
41 43 102
55 19 179
20 5 137
45 56 44
47 54 184
21 30 92
56 5 47
28 2 135
15 9 172
48 12 133
42 4 37
12 28 191
24 40 163
12 52 12
48 43 148
29 53 57
46 40 6
13 41 184
30 29 77
17 5 93
46 31 194
47 58 97
22 57 106
37 16 159
51 8 73
47 14 125
51 47 23
2 32 154
40 52 174
29 21 94
12 55 104
39 45 29
1 25 39
41 21 52
10 53 15
32 45 194
53 7 95
37 48 129
21 25 43
57 36 181
14 31 87
15 2 6
52 35 134
44 25 193
53 46 69
12 38 26
21 17 73
14 20 56
29 34 97
54 47 42
7 54 160
44 5 105
17 44 24
15 50 40
3 56 178
26 27 70
53 8 161
1 35 157
45 1 31
9 6 1
17 29 39
54 33 177
20 32 150
38 17 97
30 18 179
49 48 167
56 51 195
19 36 63
9 30 120
22 52 184
16 3 57
2 56 179
25 40 90
19 21 95
33 55 175
11 52 21
20 25 68
43 34 38
38 13 191
43 40 94
0 59 118
52 45 199
52 41 120
20 18 151
25 54 138
18 36 77