0
100
400
93 67 23
26 28 45
68 33 13
74 64 39
87 53 9
85 24 91
25 22 15
4 34 11
77 2 89
66 80 1
45 49 64
15 66 75
60 83 29
37 26 72
4 87 49
66 90 32
5 8 50
8 47 27
2 77 13
33 98 8
79 18 7
70 31 11
87 23 18
28 9 59
63 1 89
20 74 54
57 64 22
8 16 17
29 85 46
16 88 21
35 24 59
5 64 44
93 66 39
89 46 37
8 83 15
63 12 62
86 55 82
65 16 45
37 41 6
48 56 53
26 2 82
55 63 49
22 37 68
85 76 23
17 25 2
17 78 51
16 18 74
36 61 15
39 8 17
2 68 81
24 80 59
45 34 96
81 85 90
37 17 2
14 39 53
40 31 45
46 90 76
88 5 60
31 68 75
23 21 75
54 93 19
97 54 76
64 30 11
3 77 55
32 12 80
68 35 39
4 83 55
32 82 49
78 41 61
46 41 32
1 79 24
32 70 17
79 82 31
72 83 48
10 83 33
65 4 68
31 17 40
91 0 81
69 17 63
9 37 65
51 82 62
57 60 49
47 72 16
26 59 25
92 33 27
86 16 21
43 21 23
83 46 1
34 36 88
40 73 91
92 74 58
6 5 63
47 28 4
28 38 34
75 69 81
40 44 37
83 49 70
58 4 65
75 10 97
52 27 4
89 67 76
83 89 72
81 24 91
87 69 13
14 95 75
75 90 93
63 13 27
27 25 73
14 0 76
17 95 35
20 56 83
89 88 89
91 90 30
2 65 72
52 98 39
56 26 78
23 39 19
60 92 38
25 48 89
82 36 68
2 81 53
70 74 64
51 68 74
77 29 79
1 88 38
96 47 32
52 35 74
96 48 64
67 61 30
57 2 80
65 73 30
75 97 24
65 81 89
65 15 38
26 77 77
55 90 88
83 38 95
29 27 31
79 50 59
90 49 54
23 82 35
86 46 44
77 50 88
30 66 46
11 10 44
37 64 85
9 60 57
25 55 64
87 22 19
62 86 36
52 85 35
80 8 26
92 73 40
82 35 23
48 96 51
14 82 14
28 92 27
62 72 69
53 69 23
4 8 81
87 26 33
5 77 84
5 67 7
89 96 29
82 18 29
63 96 67
19 53 38
53 91 64
52 62 84
38 5 73
25 15 89
25 7 70
71 96 16
91 9 88
31 54 3
15 80 79
47 53 20
86 90 9
43 97 9
44 56 25
12 86 12
76 87 71
79 78 18
77 47 75
93 51 94
53 24 55
54 70 70
17 86 36
92 28 97
28 59 56
18 12 67
90 19 55
77 0 60
25 10 6
76 35 76
5 50 24
77 52 64
23 64 25
9 35 96
53 19 68
14 73 53
92 3 30
87 39 39
88 70 60
53 52 53
50 29 33
60 91 34
79 93 31
56 24 59
53 76 61
54 67 37
19 31 44
35 63 82
9 14 88
89 75 23
0 25 24
56 1 10
92 84 78
58 89 64
17 72 33
75 66 74
40 32 39
93 36 59
8 43 97
57 22 1
95 58 63
15 99 11
44 74 38
48 95 79
42 14 29
67 80 38
87 88 12
20 8 51
77 42 67
52 76 61
70 53 14
60 3 58
23 11 45
93 4 64
35 6 93
68 46 5
88 52 72
40 81 38
16 50 94
75 16 32
21 31 23
90 45 84
74 2 41
4 0 51
89 27 82
51 40 11
61 84 15
81 58 38
34 16 23
1 46 87
82 37 87
50 20 69
22 52 87
33 84 34
0 35 52
16 70 20
84 32 32
54 59 54
32 55 58
70 93 70
40 14 36
30 51 24
20 66 65
68 31 66
15 97 17
46 83 42
65 60 62
78 81 87
54 90 21
33 29 49
13 59 61
86 93 91
80 86 91
65 94 97
8 68 94
63 35 12
95 6 20
68 65 1
57 55 5
44 57 68
16 64 9
57 63 57
77 95 73
29 37 28
61 52 14
36 46 2
79 58 51
45 12 31
74 11 93
79 86 70
93 0 91
49 77 86
22 41 48
5 57 69
51 42 46
19 59 39
42 16 59
25 18 20
72 71 64
11 61 75
94 12 76
94 39 34
83 26 13
95 39 21
18 86 7
13 23 78
55 0 53
3 9 7
83 86 64
23 63 17
4 80 91
43 88 22
2 80 21
99 42 91
32 63 77
48 53 3
80 46 26
80 18 27
74 84 82
25 54 78
11 86 43
71 3 2
62 17 99
12 51 25
97 90 16
0 58 64
9 91 49
77 54 28
3 22 31
8 63 87
64 71 34
52 42 97
68 19 82
47 88 61
48 14 34
36 54 72
40 89 9
5 3 68
49 33 92
85 98 14
92 29 56
84 12 6
7 42 55
54 87 55
39 55 46
33 39 58
45 46 80
80 1 17
6 16 62
50 24 32
32 87 75
75 44 15
6 59 75
45 44 35
93 81 66
64 15 37
28 91 42
53 20 67
72 92 89
31 37 26
78 76 58
51 53 53
47 39 60
90 51 48
93 92 91
35 0 26
68 93 32
97 18 13
43 98 94
87 50 2
31 25 77
82 21 8
16 72 25
34 3 25
26 96 83
14 7 63
94 64 85
34 87 69
38 51 90
32 50 51
26 14 68
28 31 79
75 85 98
85 90 9
76 9 69
80 38 58
45 51 59
5 35 3
51 74 73
85 25 49
77 18 42
16 71 33
43 64 86
13 61 96
82 27 83