0
50
98
49 9 58
10 34 70
27 20 94
37 18 85
37 29 17
25 40 22
6 19 19
45 16 87
38 14 83
16 26 44
7 21 94
44 7 6
47 28 31
22 45 74
32 20 53
41 49 89
43 21 45
1 21 7
33 31 91
30 14 62
27 38 94
33 32 72
16 28 31
21 33 17
47 11 15
38 15 89
17 14 39
23 42 34
0 16 40
1 16 88
45 9 27
19 13 59
0 25 58
16 49 78
36 10 8
11 5 78
14 48 55
2 25 5
15 29 56
20 15 14
3 0 68
29 10 87
24 47 87
23 22 29
13 0 4
44 39 43
37 11 88
20 0 85
8 24 38
2 14 71
8 13 32
40 47 69
49 23 71
47 37 11
30 22 55
35 39 90
25 45 67
22 40 86
12 11 30
6 48 33
3 43 57
16 8 5
4 1 68
21 39 31
19 24 18
35 37 68
46 30 41
42 20 6
37 22 72
35 2 11
38 30 27
18 47 43
26 8 67
5 16 8
11 17 17
14 8 59
18 22 71
48 36 12
13 44 38
23 39 36
42 40 66
22 12 4
49 10 56
33 12 5
32 34 86
41 32 86
34 7 98
25 39 33
32 45 66
17 47 93
25 17 90
35 32 12
14 25 25
12 2 57
11 39 26
33 4 27
16 38 51
25 3 15