0
60
800
7 30 119 
21 44 154 
39 36 73 
36 18 105 
45 27 95 
34 48 67 
34 57 55 
6 49 181 
49 33 39 
45 24 128 
26 10 192 
13 28 55 
51 14 110 
0 2 178 
31 10 81 
12 58 140 
38 22 15 
25 28 188 
56 26 5 
33 55 77 
5 37 25 
50 4 142 
0 31 199 
24 23 185 
52 8 132 
3 50 152 
3 36 147 
22 25 89 
25 45 125 
41 36 15 
20 28 27 
43 2 70 
16 10 163 
3 34 135 
39 33 55 
45 30 188 
32 25 95 
3 21 21 
3 30 74 
37 2 91 
49 1 102 
38 33 10 
54 45 155 
54 57 94 
15 31 93 
37 19 155 
44 7 86 
10 59 18 
50 25 191 
14 25 183 
20 30 63 
26 21 88 
30 36 31 
46 39 27 
34 13 169 
28 49 144 
27 17 132 
59 26 114 
6 56 154 
58 36 65 
4 35 50 
42 38 33 
37 51 113 
36 12 102 
33 34 87 
37 16 2 
52 2 160 
13 4 82 
29 40 53 
39 7 105 
5 17 76 
18 17 129 
35 47 133 
35 28 4 
53 23 6 
49 39 95 
54 3 101 
1 48 86 
5 35 6 
55 30 70 
15 25 78 
57 59 198 
48 29 196 
47 45 55 
11 57 110 
49 43 44 
24 4 11 
4 23 24 
18 7 80 
28 16 87 
2 57 75 
56 41 21 
54 12 17 
46 25 140 
51 59 191 
13 44 155 
59 3 138 
14 22 91 
34 39 64 
2 11 131 
47 8 15 
52 47 84 
11 9 168 
23 17 10 
52 16 78 
5 39 182 
15 14 32 
0 14 140 
12 19 37 
40 49 4 
25 9 68 
55 59 194 
25 7 142 
13 1 62 
51 35 108 
22 1 178 
57 36 26 
58 37 33 
56 53 171 
54 48 140 
11 49 15 
27 41 37 
44 18 161 
36 44 15 
6 21 186 
47 20 99 
57 2 154 
47 56 112 
2 58 197 
7 4 67 
44 12 40 
34 40 111 
32 48 150 
48 9 60 
37 26 107 
12 14 15 
31 56 143 
44 19 193 
23 7 119 
21 58 162 
35 44 178 
45 20 29 
46 17 20 
15 22 165 
48 55 135 
18 53 7 
16 26 100 
23 55 24 
56 27 117 
58 16 26 
36 16 49 
21 29 138 
21 20 166 
19 43 39 
58 44 119 
28 41 141 
7 50 6 
20 3 14 
38 35 179 
34 37 165 
45 53 12 
4 58 130 
27 19 41 
23 58 12 
4 3 121 
3 56 106 
20 9 28 
48 4 65 
36 20 183 
31 45 57 
53 24 98 
8 52 35 
30 20 118 
8 3 67 
42 0 78 
23 4 46 
34 9 43 
3 7 141 
23 49 182 
47 16 131 
54 50 191 
18 4 36 
30 29 136 
25 52 79 
13 18 56 
36 34 194 
52 49 42 
10 7 145 
46 35 60 
24 48 43 
2 36 183 
10 32 23 
21 12 85 
26 36 136 
50 16 79 
38 20 109 
1 40 37 
47 41 131 
53 13 70 
19 8 199 
19 9 71 
40 14 17 
44 17 100 
16 46 11 
22 59 83 
37 32 84 
19 52 114 
30 3 77 
53 25 76 
50 39 167 
22 53 47 
34 8 159 
26 15 32 
57 8 25 
3 24 162 
2 46 96 
6 37 75 
18 2 157 
41 56 13 
53 55 19 
14 31 97 
33 4 117 
59 29 89 
33 39 185 
23 6 149 
53 43 139 
36 22 137 
46 4 86 
36 27 38 
46 51 179 
33 11 176 
9 54 27 
32 49 65 
51 54 18 
26 56 177 
50 14 88 
43 38 21 
53 40 189 
47 59 81 
40 29 61 
6 53 75 
25 33 185 
0 25 85 
48 10 142 
56 19 2 
17 19 71 
49 53 13 
31 51 3 
44 0 111 
56 37 123 
30 49 165 
7 10 157 
53 42 163 
18 23 124 
10 25 181 
56 0 108 
57 31 196 
36 39 120 
46 50 117 
58 35 130 
5 44 74 
0 28 105 
0 19 159 
3 53 181 
0 3 73 
25 8 97 
26 51 182 
17 23 93 
20 39 84 
36 9 2 
38 11 43 
17 4 122 
55 22 126 
12 30 121 
27 48 130 
34 53 184 
32 24 75 
25 53 25 
47 4 69 
22 3 11 
36 15 136 
43 46 193 
29 27 105 
9 36 156 
59 23 72 
37 4 92 
5 11 120 
18 14 74 
28 14 156 
17 15 70 
39 38 183 
57 25 63 
53 2 34 
39 26 107 
5 14 15 
20 52 19 
6 51 25 
6 43 80 
10 31 30 
35 7 168 
9 45 65 
35 34 159 
52 53 171 
16 13 189 
34 15 162 
11 19 34 
58 43 86 
24 27 159 
22 47 69 
25 55 11 
59 14 152 
20 36 89 
6 57 111 
48 2 4 
9 39 110 
50 59 39 
35 55 166 
50 24 177 
28 54 12 
52 36 161 
19 21 96 
41 18 177 
7 1 71 
17 13 9 
35 6 17 
45 51 191 
14 34 93 
4 38 191 
34 2 38 
29 26 37 
10 51 88 
8 26 159 
57 38 108 
11 6 174 
19 36 128 
6 11 33 
10 20 34 
56 46 183 
13 41 132 
51 24 99 
41 7 14 
14 41 161 
58 42 52 
9 51 52 
49 6 101 
12 32 188 
12 39 64 
20 4 177 
33 12 42 
15 45 37 
52 43 28 
47 54 85 
32 46 114 
54 15 142 
25 15 9 
46 2 26 
4 19 106 
1 2 86 
40 33 30 
46 19 50 
37 21 100 
49 29 13 
10 44 74 
53 34 91 
15 36 194 
12 36 178 
13 59 53 
3 9 60 
9 26 110 
42 50 126 
43 7 69 
34 50 21 
12 45 60 
16 4 50 
46 59 19 
38 39 4 
29 49 165 
31 24 33 
31 8 180 
0 39 131 
23 46 91 
32 29 43 
36 17 189 
7 8 170 
20 57 171 
29 20 149 
25 36 60 
38 40 41 
26 44 30 
43 44 32 
29 57 13 
48 40 124 
40 37 14 
9 33 64 
59 2 150 
20 48 85 
15 9 25 
10 38 62 
23 30 131 
34 0 18 
46 31 157 
27 9 87 
46 28 155 
51 47 133 
35 36 190 
16 53 183 
55 18 129 
48 51 86 
51 3 90 
35 20 144 
7 9 82 
40 19 56 
54 17 148 
50 5 20 
26 5 191 
54 47 52 
32 13 62 
10 42 164 
34 14 182 
58 27 8 
3 25 75 
39 45 36 
56 47 80 
6 15 47 
48 47 195 
34 27 108 
46 36 184 
28 29 55 
12 17 138 
41 14 56 
17 20 92 
36 40 59 
53 9 109 
17 56 121 
55 43 172 
52 44 189 
58 49 17 
51 41 47 
19 15 175 
4 6 32 
34 7 84 
23 41 34 
36 24 121 
13 7 67 
33 41 44 
4 34 95 
2 22 7 
22 20 111 
43 21 92 
52 59 154 
44 36 98 
18 15 67 
29 41 82 
44 29 64 
30 51 94 
25 51 19 
27 10 165 
43 41 6 
36 25 28 
49 10 61 
1 43 69 
59 31 63 
38 43 187 
22 43 196 
0 35 191 
13 35 173 
16 29 82 
55 16 1 
12 18 151 
8 27 173 
53 39 99 
57 41 39 
57 35 123 
4 14 7 
15 43 162 
17 41 133 
32 28 96 
45 44 51 
4 47 155 
21 56 120 
26 18 140 
42 19 106 
17 52 49 
41 11 21 
58 12 9 
41 31 9 
59 18 68 
23 2 146 
49 28 107 
38 41 31 
37 20 170 
20 34 141 
38 21 197 
2 26 119 
25 58 70 
33 18 96 
18 58 51 
45 3 48 
24 13 24 
28 51 55 
37 24 50 
44 31 96 
57 11 187 
37 10 9 
49 59 68 
49 45 14 
56 34 13 
28 27 52 
28 20 74 
10 35 7 
21 59 28 
49 32 120 
14 23 5 
25 42 125 
58 2 36 
10 54 43 
25 5 23 
50 42 121 
42 13 49 
15 49 153 
45 54 186 
27 4 105 
45 58 118 
21 18 138 
19 3 194 
24 20 12 
19 11 26 
57 50 84 
1 24 100 
4 25 45 
11 53 60 
34 33 30 
26 35 194 
10 29 161 
42 7 60 
30 55 21 
17 37 92 
8 10 146 
30 57 154 
13 6 96 
7 12 181 
12 42 132 
10 6 93 
2 41 99 
39 37 58 
31 3 151 
20 31 82 
10 47 115 
58 17 57 
54 46 107 
26 17 192 
20 35 62 
1 34 133 
16 51 74 
58 57 15 
36 32 83 
25 17 121 
3 16 197 
46 29 120 
22 39 99 
3 5 14 
29 7 129 
5 34 40 
34 6 174 
29 31 190 
48 58 197 
31 52 153 
18 27 151 
23 10 169 
49 55 189 
29 10 193 
15 46 49 
11 1 16 
20 11 70 
59 49 127 
26 32 191 
38 0 178 
39 23 1 
0 1 110 
7 53 84 
20 49 28 
40 55 42 
56 50 1 
37 44 143 
36 56 85 
33 8 32 
35 27 36 
23 42 5 
41 10 186 
56 18 63 
37 11 56 
16 37 42 
51 4 184 
1 39 130 
49 57 90 
47 15 179 
47 2 87 
16 20 192 
47 24 50 
36 4 129 
31 34 192 
4 2 147 
37 18 96 
35 40 168 
46 1 118 
20 6 133 
34 47 77 
40 56 17 
14 55 78 
31 35 52 
2 32 190 
29 51 193 
44 11 32 
29 32 113 
37 7 157 
28 42 67 
40 36 5 
40 3 11 
11 43 91 
26 27 110 
49 4 32 
25 50 97 
26 9 27 
4 30 148 
57 51 118 
20 37 122 
34 24 157 
11 42 174 
23 18 11 
3 27 5 
2 19 10 
56 23 100 
15 39 132 
53 0 92 
16 23 140 
8 43 48 
20 33 175 
26 24 102 
20 59 6 
20 23 72 
30 33 122 
11 3 21 
17 39 167 
36 0 32 
35 49 72 
27 49 130 
7 41 81 
47 29 187 
27 18 131 
28 57 126 
56 14 135 
33 0 23 
44 51 13 
9 3 110 
0 16 5 
7 39 59 
32 3 18 
10 40 59 
57 40 95 
38 29 30 
2 15 151 
33 30 127 
34 23 4 
4 37 65 
34 29 34 
39 11 128 
43 11 115 
53 36 198 
55 8 43 
23 16 112 
58 26 189 
59 47 92 
37 8 159 
48 13 106 
52 17 118 
19 20 166 
32 8 178 
29 25 149 
12 26 150 
40 58 109 
24 30 196 
48 35 183 
24 43 193 
41 55 146 
30 52 148 
40 22 169 
31 17 78 
43 58 145 
48 30 178 
21 17 156 
33 59 155 
48 8 134 
35 52 1 
13 27 59 
16 15 31 
15 48 103 
44 52 51 
18 28 128 
31 26 111 
54 22 191 
55 19 92 
15 5 28 
14 21 102 
12 7 170 
39 51 118 
32 33 29 
56 48 88 
31 14 145 
47 3 186 
59 4 54 
17 12 20 
0 27 86 
52 33 148 
13 54 9 
49 7 151 
54 1 184 
47 26 61 
54 18 31 
37 48 152 
11 26 172 
19 49 7 
30 42 163 
54 38 84 
9 20 61 
54 10 63 
43 16 75 
25 11 97 
23 24 145 
40 38 135 
32 55 25 
12 8 52 
51 2 137 
45 13 51 
55 56 123 
23 57 39 
10 9 118 
1 29 90 
49 56 114 
28 30 186 
8 17 144 
18 6 5 
43 5 158 
1 13 156 
9 12 109 
26 58 6 
43 13 56 
3 54 88 
21 6 6 
46 34 167 
19 4 139 
13 48 118 
25 3 93 
34 18 171 
58 0 6 
14 16 106 
52 23 90 
44 4 107 
14 35 32 
36 48 31 
37 6 29 
51 22 71 
55 53 108 
19 28 187 
41 40 127 
23 32 62 
51 42 155 
57 56 44 
45 47 184 
42 25 74 
37 13 117 
53 18 190 
34 16 146 
6 34 158 
37 9 93 
57 0 76 
16 24 24 
7 40 31 
10 46 98 
17 6 176 
5 22 153 
37 30 125 
42 18 5 
6 3 198 
34 49 80 
59 45 132 
4 42 41 
28 43 43 
49 27 104 
27 46 169 
46 22 35 
24 53 132 
49 30 87 
58 28 15 
29 19 12 
8 18 8 
2 23 90 
45 22 182 
37 35 22 
50 37 182 
41 26 195 